a) 30 razy
Telefony
504669045
504669045
504669045
504669045
504669045
504669045
504669045
504669045
504669045
504669045
504669045
504669045
504669045
504669045
504669045
504669045
504669045
504669045
504669045
504669045
504669045
504669045
504669045
504669045
504669045
504669045
504669045
504669045
504669045
504669045

b)770309737 - 49 razy

c)51 numerów
telefony
511337450
511284060
511499123
511416750
511208890
511227980
511951640
511469905
511141395
511692135
511549617
511972687
511033876
511357273
511797929
511024753
511463948
511619180
511691460
511376031
511583478
511368064
511212315
511000000
511100599
511533664
511219834
511677599
511784009
511329014
511921807
511405916
511398024
511062774
511034368
511067383
511307111
511060811
511375461
511662384
511763387
511451163
511183620
511927830
511940422
511900784
511866781
511705513
511613083
511754640
511871857

d)3 osoby
SUMA
44
48
44

e)8 osób
telefony
511141395
511619180
511212315
511307111
511060811
511451163
531521117
719111684

f) 15 osób
Podzielne
6
3
6
6
3
6
3
6
6
6
6
3
3
3
3

g)
telefony	Liczba z telefony
504669045	30
527231153	39
623337579	31
696946597	20
728257806	45
770309737	49
Suma końcowa	214
h)